2021-05-14
macro.hprecision , macro.hrecall , macro.hf , micro.hprecision , micro.hrecall , micro.hf
0.910220192445818 , 0.94239721625705 , 0.907964815640757 , 0.902610924235143 , 0.921805987240307 , 0.912107478148268
AU.prc , average.auprc , average.auprc.w , each.class.auc
0.965369386660311 , 0.819561041961121 , 0.915582206709102 , 0.860582105641394
0.965369386660311 , 0.819561041961121 , 0.915582206709102 , 0.860582105641394
0.965369386660311 , 0.819561041961121 , 0.915582206709102 , 0.95465823929194
0.965369386660311 , 0.819561041961121 , 0.915582206709102 , 0.868305216823572
0.965369386660311 , 0.819561041961121 , 0.915582206709102 , 0.875774249313252
0.965369386660311 , 0.819561041961121 , 0.915582206709102 , 0.878396102343376
0.965369386660311 , 0.819561041961121 , 0.915582206709102 , 0.987705465962774
0.965369386660311 , 0.819561041961121 , 0.915582206709102 , 0.987566029593663
0.965369386660311 , 0.819561041961121 , 0.915582206709102 , 0.987979308402537
0.965369386660311 , 0.819561041961121 , 0.915582206709102 , 0.987705465962774
0.965369386660311 , 0.819561041961121 , 0.915582206709102 , 0.987566029593663
0.965369386660311 , 0.819561041961121 , 0.915582206709102 , 0.987705465962774
0.965369386660311 , 0.819561041961121 , 0.915582206709102 , 0.98876404494382
0.965369386660311 , 0.819561041961121 , 0.915582206709102 , 0.98876404494382
0.965369386660311 , 0.819561041961121 , 0.915582206709102 , 0.987979308402537
0.965369386660311 , 0.819561041961121 , 0.915582206709102 , 0.987281916486502
0.965369386660311 , 0.819561041961121 , 0.915582206709102 , 0.988246706588026
0.965369386660311 , 0.819561041961121 , 0.915582206709102 , 0.987979308402537
0.965369386660311 , 0.819561041961121 , 0.915582206709102 , 0.987424860962911
0.965369386660311 , 0.819561041961121 , 0.915582206709102 , 0.988246706588026
0.965369386660311 , 0.819561041961121 , 0.915582206709102 , 0.98876404494382
0.965369386660311 , 0.819561041961121 , 0.915582206709102 , 0.987979308402537
0.965369386660311 , 0.819561041961121 , 0.915582206709102 , 0.987424860962911
0.965369386660311 , 0.819561041961121 , 0.915582206709102 , 0.987566029593663
0.965369386660311 , 0.819561041961121 , 0.915582206709102 , 0.891798340548341
0.965369386660311 , 0.819561041961121 , 0.915582206709102 , 0.878396102343376
0.965369386660311 , 0.819561041961121 , 0.915582206709102 , 0.882521367521368
0.965369386660311 , 0.819561041961121 , 0.915582206709102 , 0.891798340548341
0.965369386660311 , 0.819561041961121 , 0.915582206709102 , 0.891798340548341
0.965369386660311 , 0.819561041961121 , 0.915582206709102 , 0.891798340548341
0.965369386660311 , 0.819561041961121 , 0.915582206709102 , 0.878396102343376
0.965369386660311 , 0.819561041961121 , 0.915582206709102 , 0.886529304029304
0.965369386660311 , 0.819561041961121 , 0.915582206709102 , 0.887164706638391
0.965369386660311 , 0.819561041961121 , 0.915582206709102 , 0.881917344173442
0.965369386660311 , 0.819561041961121 , 0.915582206709102 , 0.887833999412947
0.965369386660311 , 0.819561041961121 , 0.915582206709102 , 0.887164706638391
0.965369386660311 , 0.819561041961121 , 0.915582206709102 , 0.887164706638391
0.965369386660311 , 0.819561041961121 , 0.915582206709102 , 0.881917344173442
0.965369386660311 , 0.819561041961121 , 0.915582206709102 , 0.887833999412947
0.965369386660311 , 0.819561041961121 , 0.915582206709102 , 0.820986997903374
0.965369386660311 , 0.819561041961121 , 0.915582206709102 , 0.672447212986444
0.965369386660311 , 0.819561041961121 , 0.915582206709102 , 0.89338996633719
0.965369386660311 , 0.819561041961121 , 0.915582206709102 , 0.672447212986444
0.965369386660311 , 0.819561041961121 , 0.915582206709102 , 0.857105372119957
0.965369386660311 , 0.819561041961121 , 0.915582206709102 , 0.68351201126646
0.965369386660311 , 0.819561041961121 , 0.915582206709102 , 0.651565734525394
0.965369386660311 , 0.819561041961121 , 0.915582206709102 , 0.676719288102733
0.965369386660311 , 0.819561041961121 , 0.915582206709102 , 0.667458751702477
0.965369386660311 , 0.819561041961121 , 0.915582206709102 , 0.975787707940167
0.965369386660311 , 0.819561041961121 , 0.915582206709102 , 0.977573769469064
0.965369386660311 , 0.819561041961121 , 0.915582206709102 , 0.980646971687431
0.965369386660311 , 0.819561041961121 , 0.915582206709102 , 0.981445175230975
0.965369386660311 , 0.819561041961121 , 0.915582206709102 , 0.95962160896999
0.965369386660311 , 0.819561041961121 , 0.915582206709102 , 0.963290216825686
0.965369386660311 , 0.819561041961121 , 0.915582206709102 , 0.859248652005695
0.965369386660311 , 0.819561041961121 , 0.915582206709102 , 0.856372557067553
0.965369386660311 , 0.819561041961121 , 0.915582206709102 , 0.841280991735537
0.965369386660311 , 0.819561041961121 , 0.915582206709102 , 0.95575307177501
0.965369386660311 , 0.819561041961121 , 0.915582206709102 , 0.676262626262626
0.965369386660311 , 0.819561041961121 , 0.915582206709102 , 0.95575307177501
0.965369386660311 , 0.819561041961121 , 0.915582206709102 , 0.95575307177501
0.965369386660311 , 0.819561041961121 , 0.915582206709102 , 0.963290216825686
0.965369386660311 , 0.819561041961121 , 0.915582206709102 , 0.959941280369195
0.965369386660311 , 0.819561041961121 , 0.915582206709102 , 0.963290216825686
0.965369386660311 , 0.819561041961121 , 0.915582206709102 , 0.980646971687431
0.965369386660311 , 0.819561041961121 , 0.915582206709102 , 0.979396616330976
0.965369386660311 , 0.819561041961121 , 0.915582206709102 , 0.676262626262626
0.965369386660311 , 0.819561041961121 , 0.915582206709102 , 0.676262626262626
0.965369386660311 , 0.819561041961121 , 0.915582206709102 , 0.658235415378273
0.965369386660311 , 0.819561041961121 , 0.915582206709102 , 0.676262626262626
0.965369386660311 , 0.819561041961121 , 0.915582206709102 , 0.840835633357747
0.965369386660311 , 0.819561041961121 , 0.915582206709102 , 0.877384026485088
0.965369386660311 , 0.819561041961121 , 0.915582206709102 , 0.840835633357747
0.965369386660311 , 0.819561041961121 , 0.915582206709102 , 0.877384026485088
0.965369386660311 , 0.819561041961121 , 0.915582206709102 , 0.877384026485088
0.965369386660311 , 0.819561041961121 , 0.915582206709102 , 0.844923870316919
0.965369386660311 , 0.819561041961121 , 0.915582206709102 , 0.844923870316919
0.965369386660311 , 0.819561041961121 , 0.915582206709102 , 0.843796431252808
0.965369386660311 , 0.819561041961121 , 0.915582206709102 , 0.844346566224551
0.965369386660311 , 0.819561041961121 , 0.915582206709102 , 0.844968066121912
0.965369386660311 , 0.819561041961121 , 0.915582206709102 , 0.844968066121912
0.965369386660311 , 0.819561041961121 , 0.915582206709102 , 0.841030337184183
0.965369386660311 , 0.819561041961121 , 0.915582206709102 , 0.875905797101449
0.965369386660311 , 0.819561041961121 , 0.915582206709102 , 0.872430555555555
0.965369386660311 , 0.819561041961121 , 0.915582206709102 , 0.874094202898551
0.965369386660311 , 0.819561041961121 , 0.915582206709102 , 0.633032796451914
0.965369386660311 , 0.819561041961121 , 0.915582206709102 , 0.629866946778712
0.965369386660311 , 0.819561041961121 , 0.915582206709102 , 0.839754185208731
0.965369386660311 , 0.819561041961121 , 0.915582206709102 , 0.627043302701197
0.965369386660311 , 0.819561041961121 , 0.915582206709102 , 0.760322306517959
0.965369386660311 , 0.819561041961121 , 0.915582206709102 , 0.844741885255719
0.965369386660311 , 0.819561041961121 , 0.915582206709102 , 0.83875
0.965369386660311 , 0.819561041961121 , 0.915582206709102 , 0.833333333333333
0.965369386660311 , 0.819561041961121 , 0.915582206709102 , 0.763333333333333
0.965369386660311 , 0.819561041961121 , 0.915582206709102 , 0.83875
0.965369386660311 , 0.819561041961121 , 0.915582206709102 , 0.784486378453002
0.965369386660311 , 0.819561041961121 , 0.915582206709102 , 0.785863692977236
0.965369386660311 , 0.819561041961121 , 0.915582206709102 , 0.774653044342084
0.965369386660311 , 0.819561041961121 , 0.915582206709102 , 0.793031492707253
0.965369386660311 , 0.819561041961121 , 0.915582206709102 , 0.760938395120267
0.965369386660311 , 0.819561041961121 , 0.915582206709102 , 0.959073881547815
0.965369386660311 , 0.819561041961121 , 0.915582206709102 , 0.95575307177501
0.965369386660311 , 0.819561041961121 , 0.915582206709102 , 0.975385466388959
0.965369386660311 , 0.819561041961121 , 0.915582206709102 , 0.963290216825686
0.965369386660311 , 0.819561041961121 , 0.915582206709102 , 0.980646971687431
0.965369386660311 , 0.819561041961121 , 0.915582206709102 , 0.981752696496453
0.965369386660311 , 0.819561041961121 , 0.915582206709102 , 0.963290216825686
0.965369386660311 , 0.819561041961121 , 0.915582206709102 , 0.963290216825686
0.965369386660311 , 0.819561041961121 , 0.915582206709102 , 0.959941280369195
0.965369386660311 , 0.819561041961121 , 0.915582206709102 , 0.980646971687431
0.965369386660311 , 0.819561041961121 , 0.915582206709102 , 0.732938967598058
0.965369386660311 , 0.819561041961121 , 0.915582206709102 , 0.858677599455015
0.965369386660311 , 0.819561041961121 , 0.915582206709102 , 0.859235622371784
0.965369386660311 , 0.819561041961121 , 0.915582206709102 , 0.848147126848919
0.965369386660311 , 0.819561041961121 , 0.915582206709102 , 0.75
0.965369386660311 , 0.819561041961121 , 0.915582206709102 , 0.487202380952381
0.965369386660311 , 0.819561041961121 , 0.915582206709102 , 0.864480796121863
0.965369386660311 , 0.819561041961121 , 0.915582206709102 , 0.86861854341667
0.965369386660311 , 0.819561041961121 , 0.915582206709102 , 0.87111244260678
0.965369386660311 , 0.819561041961121 , 0.915582206709102 , 0.739733261725743
0.965369386660311 , 0.819561041961121 , 0.915582206709102 , 0.955328896570359
0.965369386660311 , 0.819561041961121 , 0.915582206709102 , 0.955615713798548
0.965369386660311 , 0.819561041961121 , 0.915582206709102 , 0.955615713798548
0.965369386660311 , 0.819561041961121 , 0.915582206709102 , 0.561011904761905
0.965369386660311 , 0.819561041961121 , 0.915582206709102 , 0.561011904761905
0.965369386660311 , 0.819561041961121 , 0.915582206709102 , 0.561011904761905
0.965369386660311 , 0.819561041961121 , 0.915582206709102 , 0.561011904761905
0.965369386660311 , 0.819561041961121 , 0.915582206709102 , 0.741167772847935
0.965369386660311 , 0.819561041961121 , 0.915582206709102 , 0.836119490531255
0.965369386660311 , 0.819561041961121 , 0.915582206709102 , 0.833583193813924
0.965369386660311 , 0.819561041961121 , 0.915582206709102 , 0.674468305840855
0.965369386660311 , 0.819561041961121 , 0.915582206709102 , 0.674468305840855
0.965369386660311 , 0.819561041961121 , 0.915582206709102 , 0.674468305840855
0.965369386660311 , 0.819561041961121 , 0.915582206709102 , 0.701826563958917
0.965369386660311 , 0.819561041961121 , 0.915582206709102 , 0.701826563958917
0.965369386660311 , 0.819561041961121 , 0.915582206709102 , 0.717600373482727
0.965369386660311 , 0.819561041961121 , 0.915582206709102 , 0.717600373482727
0.965369386660311 , 0.819561041961121 , 0.915582206709102 , 0.717600373482727
0.965369386660311 , 0.819561041961121 , 0.915582206709102 , 0.717600373482727
0.965369386660311 , 0.819561041961121 , 0.915582206709102 , 0.717600373482727
0.965369386660311 , 0.819561041961121 , 0.915582206709102 , 0.721480015710785
0.965369386660311 , 0.819561041961121 , 0.915582206709102 , 0.648622782446312
0.965369386660311 , 0.819561041961121 , 0.915582206709102 , 0.648622782446312
0.965369386660311 , 0.819561041961121 , 0.915582206709102 , 0.648622782446312
0.965369386660311 , 0.819561041961121 , 0.915582206709102 , 0.658345004668534
0.965369386660311 , 0.819561041961121 , 0.915582206709102 , 0.674468305840855
0.965369386660311 , 0.819561041961121 , 0.915582206709102 , 0.795833674814405
0.965369386660311 , 0.819561041961121 , 0.915582206709102 , 0.833583193813924
0.965369386660311 , 0.819561041961121 , 0.915582206709102 , 0.825628648359379
0.965369386660311 , 0.819561041961121 , 0.915582206709102 , 0.833583193813924
0.965369386660311 , 0.819561041961121 , 0.915582206709102 , 0.833583193813924
0.965369386660311 , 0.819561041961121 , 0.915582206709102 , 0.833583193813924
0.965369386660311 , 0.819561041961121 , 0.915582206709102 , 0.852444764258938
0.965369386660311 , 0.819561041961121 , 0.915582206709102 , 0.704308712121212
0.965369386660311 , 0.819561041961121 , 0.915582206709102 , 0.641492766492767
0.965369386660311 , 0.819561041961121 , 0.915582206709102 , 0.704308712121212
0.965369386660311 , 0.819561041961121 , 0.915582206709102 , 0.641492766492767
0.965369386660311 , 0.819561041961121 , 0.915582206709102 , 0.641492766492767
0.965369386660311 , 0.819561041961121 , 0.915582206709102 , 0.704308712121212
0.965369386660311 , 0.819561041961121 , 0.915582206709102 , 0.872274295138556
0.965369386660311 , 0.819561041961121 , 0.915582206709102 , 0.872274295138556
0.965369386660311 , 0.819561041961121 , 0.915582206709102 , 0.585218253968254
0.965369386660311 , 0.819561041961121 , 0.915582206709102 , 0.245833333333333
0.965369386660311 , 0.819561041961121 , 0.915582206709102 , 0.833333333333333
0.965369386660311 , 0.819561041961121 , 0.915582206709102 , 0.833333333333333
0.965369386660311 , 0.819561041961121 , 0.915582206709102 , 0.860582105641394
0.965369386660311 , 0.819561041961121 , 0.915582206709102 , 0.860582105641394
0.965369386660311 , 0.819561041961121 , 0.915582206709102 , 0.830536276588908
0.965369386660311 , 0.819561041961121 , 0.915582206709102 , 0.734334330565948
0.965369386660311 , 0.819561041961121 , 0.915582206709102 , 0.738082288082288
0.965369386660311 , 0.819561041961121 , 0.915582206709102 , 0.593789872408294
0.965369386660311 , 0.819561041961121 , 0.915582206709102 , 0.75
0.965369386660311 , 0.819561041961121 , 0.915582206709102 , 0.75
0.965369386660311 , 0.819561041961121 , 0.915582206709102 , 0.838301026458921
0.965369386660311 , 0.819561041961121 , 0.915582206709102 , 0.732938967598058
0.965369386660311 , 0.819561041961121 , 0.915582206709102 , 0.827445844753537
0.965369386660311 , 0.819561041961121 , 0.915582206709102 , 0.622295297295297
0.965369386660311 , 0.819561041961121 , 0.915582206709102 , 0.598551203698262
0.965369386660311 , 0.819561041961121 , 0.915582206709102 , 0.673835688121402
0.965369386660311 , 0.819561041961121 , 0.915582206709102 , 0.829384900321625
0.965369386660311 , 0.819561041961121 , 0.915582206709102 , 0.828384590147928
0.965369386660311 , 0.819561041961121 , 0.915582206709102 , 0.828384590147928
0.965369386660311 , 0.819561041961121 , 0.915582206709102 , 0.828384590147928
0.965369386660311 , 0.819561041961121 , 0.915582206709102 , 0.877384026485088
0.965369386660311 , 0.819561041961121 , 0.915582206709102 , 0.648622782446312
0.965369386660311 , 0.819561041961121 , 0.915582206709102 , 0.648622782446312
0.965369386660311 , 0.819561041961121 , 0.915582206709102 , 0.648622782446312
0.965369386660311 , 0.819561041961121 , 0.915582206709102 , 0.786730769230769
0.965369386660311 , 0.819561041961121 , 0.915582206709102 , 0.640687503752425
0.965369386660311 , 0.819561041961121 , 0.915582206709102 , 0.641492766492767
0.965369386660311 , 0.819561041961121 , 0.915582206709102 , 0.641492766492767
0.965369386660311 , 0.819561041961121 , 0.915582206709102 , 0.641492766492767
0.965369386660311 , 0.819561041961121 , 0.915582206709102 , 0.872274295138556
0.965369386660311 , 0.819561041961121 , 0.915582206709102 , 0.872274295138556
0.965369386660311 , 0.819561041961121 , 0.915582206709102 , 0.854097955830596
0.965369386660311 , 0.819561041961121 , 0.915582206709102 , 0.847884505538198
0.965369386660311 , 0.819561041961121 , 0.915582206709102 , 0.847884505538198
0.965369386660311 , 0.819561041961121 , 0.915582206709102 , 0.873480035738992
0.965369386660311 , 0.819561041961121 , 0.915582206709102 , 0.840835633357747
0.965369386660311 , 0.819561041961121 , 0.915582206709102 , 0.847884505538198
0.965369386660311 , 0.819561041961121 , 0.915582206709102 , 0.873480035738992
0.965369386660311 , 0.819561041961121 , 0.915582206709102 , 0.847884505538198
0.965369386660311 , 0.819561041961121 , 0.915582206709102 , 0.873480035738992
0.965369386660311 , 0.819561041961121 , 0.915582206709102 , 0.854097955830596
