0.940691022413224,0.950665480368383,0.932334314475678,0.942636111516567,0.927740267202988,0.935128873443383
0.940691022413224,0.950665480368383,0.932334314475678,0.942636111516567,0.927740267202988,0.935128873443383
0.940691022413224,0.950665480368383,0.932334314475678,0.942636111516567,0.927740267202988,0.935128873443383
0.940691022413224,0.950665480368383,0.932334314475678,0.942636111516567,0.927740267202988,0.935128873443383
0.940691022413224,0.950665480368383,0.932334314475678,0.942636111516567,0.927740267202988,0.935128873443383
0.920838481366927,0.951119968439872,0.916039647560386,0.914872956789125,0.924750531653852,0.919785226163358
0.940691022413224,0.950665480368383,0.932334314475678,0.942636111516567,0.927740267202988,0.935128873443383
0.940691022413224,0.950665480368383,0.932334314475678,0.942636111516567,0.927740267202988,0.935128873443383
0.850063372200171,0.839075941008191,0.831295271630536,0.858956707970017,0.806636977445769,0.831975107423322
0.850063372200171,0.839075941008191,0.831295271630536,0.858956707970017,0.806636977445769,0.831975107423322
0.940691022413224,0.950665480368383,0.932334314475678,0.942636111516567,0.927740267202988,0.935128873443383
0.856590137620852,0.808079085933041,0.756082274000699,0.727302152451853,0.645596896997558,0.684018264840183
0.839113230148905,0.86029301213692,0.788767428800802,0.720522625876354,0.739734991002781,0.730002421502946
0.850973884598732,0.847017491095676,0.784189243401679,0.727873183619551,0.693627065302911,0.710337603738619
0.824021279060124,0.856844699447604,0.769818174041594,0.680217248189598,0.70360912495744,0.691715481171548
0.798164845565231,0.863781622692895,0.759974876643289,0.652021602685739,0.73002124530152,0.688820354664611
0.940691022413224,0.950665480368383,0.932334314475678,0.942636111516567,0.927740267202988,0.935128873443383
0.920838481366927,0.951119968439872,0.916039647560386,0.914872956789125,0.924750531653852,0.919785226163358
0.956401361019406,0.960208671488144,0.948706245738738,0.950764818355641,0.938945712037766,0.944818304172275
0.924692151904478,0.953096042588064,0.927478678602436,0.918593130779392,0.947054817841335,0.932606873428332
0.962317384693098,0.961132840678476,0.954987734638806,0.956550362080316,0.949828403333878,0.953177531775318
0.940691022413224,0.950665480368383,0.932334314475678,0.942636111516567,0.927740267202988,0.935128873443383
0.920838481366927,0.951119968439872,0.916039647560386,0.914872956789125,0.924750531653852,0.919785226163358
0.956401361019406,0.960208671488144,0.948706245738738,0.950764818355641,0.938945712037766,0.944818304172275
0.924692151904478,0.953096042588064,0.927478678602436,0.918593130779392,0.947054817841335,0.932606873428332
0.962317384693098,0.961132840678476,0.954987734638806,0.956550362080316,0.949828403333878,0.953177531775318
0.940691022413224,0.950665480368383,0.932334314475678,0.942636111516567,0.927740267202988,0.935128873443383
0.920838481366927,0.951119968439872,0.916039647560386,0.914872956789125,0.924750531653852,0.919785226163358
0.956401361019406,0.960208671488144,0.948706245738738,0.950764818355641,0.938945712037766,0.944818304172275
0.924692151904478,0.953096042588064,0.927478678602436,0.918593130779392,0.947054817841335,0.932606873428332
0.962317384693098,0.961132840678476,0.954987734638806,0.956550362080316,0.949828403333878,0.953177531775318
0.940691022413224,0.950665480368383,0.932334314475678,0.942636111516567,0.927740267202988,0.935128873443383
0.940691022413224,0.950665480368383,0.932334314475678,0.942636111516567,0.927740267202988,0.935128873443383
0.940691022413224,0.950665480368383,0.932334314475678,0.942636111516567,0.927740267202988,0.935128873443383
0.940691022413224,0.950665480368383,0.932334314475678,0.942636111516567,0.927740267202988,0.935128873443383
0.940691022413224,0.950665480368383,0.932334314475678,0.942636111516567,0.927740267202988,0.935128873443383
0.920838481366927,0.951119968439872,0.916039647560386,0.914872956789125,0.924750531653852,0.919785226163358
0.956401361019406,0.960208671488144,0.948706245738738,0.950764818355641,0.938945712037766,0.944818304172275
0.924692151904478,0.953096042588064,0.927478678602436,0.918593130779392,0.947054817841335,0.932606873428332
0.962317384693098,0.961132840678476,0.954987734638806,0.956550362080316,0.949828403333878,0.953177531775318
0.940691022413224,0.950665480368383,0.932334314475678,0.942636111516567,0.927740267202988,0.935128873443383
0.920838481366927,0.951119968439872,0.916039647560386,0.914872956789125,0.924750531653852,0.919785226163358
0.956401361019406,0.960208671488144,0.948706245738738,0.950764818355641,0.938945712037766,0.944818304172275
0.924692151904478,0.953096042588064,0.927478678602436,0.918593130779392,0.947054817841335,0.932606873428332
0.962317384693098,0.961132840678476,0.954987734638806,0.956550362080316,0.949828403333878,0.953177531775318
0.940691022413224,0.950665480368383,0.932334314475678,0.942636111516567,0.927740267202988,0.935128873443383
0.920838481366927,0.951119968439872,0.916039647560386,0.914872956789125,0.924750531653852,0.919785226163358
0.956401361019406,0.960208671488144,0.948706245738738,0.950764818355641,0.938945712037766,0.944818304172275
0.924692151904478,0.953096042588064,0.927478678602436,0.918593130779392,0.947054817841335,0.932606873428332
0.962317384693098,0.961132840678476,0.954987734638806,0.956550362080316,0.949828403333878,0.953177531775318
0.940691022413224,0.950665480368383,0.932334314475678,0.942636111516567,0.927740267202988,0.935128873443383
0.940691022413224,0.950665480368383,0.932334314475678,0.942636111516567,0.927740267202988,0.935128873443383
0.940691022413224,0.950665480368383,0.932334314475678,0.942636111516567,0.927740267202988,0.935128873443383
0.940691022413224,0.950665480368383,0.932334314475678,0.942636111516567,0.927740267202988,0.935128873443383
0.920838481366927,0.951119968439872,0.916039647560386,0.914872956789125,0.924750531653852,0.919785226163358
0.956401361019406,0.960208671488144,0.948706245738738,0.950764818355641,0.938945712037766,0.944818304172275
0.924692151904478,0.953096042588064,0.927478678602436,0.918593130779392,0.947054817841335,0.932606873428332
0.962317384693098,0.961132840678476,0.954987734638806,0.956550362080316,0.949828403333878,0.953177531775318
0.940691022413224,0.950665480368383,0.932334314475678,0.942636111516567,0.927740267202988,0.935128873443383
0.920838481366927,0.951119968439872,0.916039647560386,0.914872956789125,0.924750531653852,0.919785226163358
0.956401361019406,0.960208671488144,0.948706245738738,0.950764818355641,0.938945712037766,0.944818304172275
0.924692151904478,0.953096042588064,0.927478678602436,0.918593130779392,0.947054817841335,0.932606873428332
0.962317384693098,0.961132840678476,0.954987734638806,0.956550362080316,0.949828403333878,0.953177531775318
0.941480758529304,0.957347645114686,0.936212338943932,0.939267767408471,0.939807498922569,0.9395375556513
0.919899467456962,0.952193903107841,0.916100111476262,0.915613864593456,0.924750531653852,0.920159518189957
0.953267261397127,0.964134134920056,0.948428144809522,0.942879622344611,0.942879622344611,0.942879622344611
0.91766007481004,0.953935304419,0.924746053750955,0.913756353500574,0.948757235274089,0.930927921155934
0.962301828913252,0.968612705722392,0.959572331760393,0.956989247311828,0.959960777904886,0.958472709472138
0.941312978350306,0.956933949131245,0.935938346853157,0.939080459770115,0.938945553799741,0.939013001939516
0.919508552213011,0.95280529071574,0.916169156303387,0.915051679586563,0.926877147063635,0.92092645266152
0.953531567707055,0.963945862100466,0.948591197796413,0.943744090765837,0.942407553107789,0.943075348397764
0.917140925350458,0.954202192187441,0.924676363451549,0.913663171690695,0.949438202247191,0.931207213224244
0.962688610079665,0.968000587838139,0.959501515214592,0.957110241356817,0.959143650923354,0.958125867276141
0.941312978350306,0.956933949131245,0.935938346853157,0.939080459770115,0.938945553799741,0.939013001939516
0.919508552213011,0.95280529071574,0.916169156303387,0.915051679586563,0.926877147063635,0.92092645266152
0.953531567707055,0.963945862100466,0.948591197796413,0.943744090765837,0.942407553107789,0.943075348397764
0.917140925350458,0.954202192187441,0.924676363451549,0.913663171690695,0.949438202247191,0.931207213224244
0.962688610079665,0.968000587838139,0.959501515214592,0.957110241356817,0.959143650923354,0.958125867276141
0.941312978350306,0.956933949131245,0.935938346853157,0.939080459770115,0.938945553799741,0.939013001939516
0.919508552213011,0.95280529071574,0.916169156303387,0.915051679586563,0.926877147063635,0.92092645266152
0.953531567707055,0.963945862100466,0.948591197796413,0.943744090765837,0.942407553107789,0.943075348397764
0.917140925350458,0.954202192187441,0.924676363451549,0.913663171690695,0.949438202247191,0.931207213224244
0.962688610079665,0.968000587838139,0.959501515214592,0.957110241356817,0.959143650923354,0.958125867276141
0.941312978350306,0.956933949131245,0.935938346853157,0.939080459770115,0.938945553799741,0.939013001939516
0.919508552213011,0.95280529071574,0.916169156303387,0.915051679586563,0.926877147063635,0.92092645266152
0.953531567707055,0.963945862100466,0.948591197796413,0.943744090765837,0.942407553107789,0.943075348397764
0.917140925350458,0.954202192187441,0.924676363451549,0.913663171690695,0.949438202247191,0.931207213224244
0.962688610079665,0.968000587838139,0.959501515214592,0.957110241356817,0.959143650923354,0.958125867276141
